#Keep the frames with motion
9012
9013
9015
9016
9017
9018
9019
9020
9021
9022
9023
9024
9025
9026
9028
9029
9030
9031
9032
9036
9037
9038
9039
9040
9041
9042
9043
9044
9045
9046
9047
9048
9051
9052
9053
9054
9055
9056
9057
9058
9059
9060
9061
9062
9066
9067
9068
9069
9070
9071
9077
9078
9079
9098
9099
9100
9101
9102
9103
9104
9105
9106
9107
9108
9109
9110
9111
9112
9113
9115
9116
9117
9118
9119
9120
9145
9147
9148
9149
9187
9199
9200
9205
9210
9211
9213
9214
9215
9216
9217
9218
9219
9220
9222
9223
9224
9225
9226
9227
9228
9229
9231
9232
9233
9234
9235
9236
9237
9238
9239
9240
9241
9243
9245
9246
9247
9250
9251
9252
9253
9254
9255
9256
9257
9258
9259
9260
9261
9262
9263
9264
9265
9266
9267
9268
9269
9270
9271
9272
9273
9274
9275
9277
9279
9280
9281
9282
9283
9284
9285
9287
9288
9289
9291
9292
9293
9294
9295
9296
9297
9300
9301
9302
9303
9307
9308
9309
9310
9311
9313
9314
9315
9316
9317
9318
9319
9320
9321
9325
9326
9327
9328
9329
9330
9335
9336
9340
9341
9342
9343
9344
9345
9346
9347
9348
9349
9352
9353
9354
9355
9356
9357
9358
9361
9362
9363
9365
9366
9370
9371
9372
9373
9374
9382
9383
9384
9385
9386
9387
9389
9402
9403
9404
9405
9406
9407
9416
9417
9418
9419
9420
9426
9427
9428
9429
9430
9431
9432
9438
9439
9440
9441
9442
9443
9444
9448
9449
9450
9451
9452
9453
9454
9455
9456
9457
9458
9461
9462
9463
9464
9465
9466
9467
9468
9474
9475
9476
9477
9478
9479
9480
9483
9484
9485
9486
9491
9494
9495
9496
9497
9498
9499
9500
9501
9502
9503
9504
9528
9529
9530
9531
9532
9533
9558
9559
9560
9561
9562
9567
9568
9569
9570
9571
9573
9580
9581
9590
9591
9596
9597
9598
9599
9600
9601
9602
9628
9629
9638
9639
9640
9641
9642
9643
9644
9645
9646
9647
9653
9654
9655
9658
9660
9661
9663
9666
9667
9668
9669
9670
9671
9672
9673
9674
9675
9676
9677
9678
9679
9680
9681
9688
9689
9690
9691
9692
9693
9694
9695
9696
9697
9698
9699
9700
9701
9702
9703
9704
9705
9706
9707
9712
9713
9714
9715
9716
9717
9718
9719
9730
9731
9732
9733
9734
9735
9736
9737
9738
9739
9740
9741
9742
9743
9755
9756
9757
9758
9759
9760
9774
9775
9776
9786
9787
9788
9789
9790
9791
9792
9793
9798
9799
9800
9801
9802
9803
9804
9805
9806
9807
9808
9809
9810
9814
9815
9816
9817
9818
9819
9820
9821
9822
9828
9830
9831
9832
9838
9839
9840
9844
9845
9846
9847
9848
9849
9850
9851
9852
9853
9854
9855
9857
9860
9861
9862
9873
9874
9877
9878
9879
9880
9882
9883
9884
9885
9886
9887
9904
9905
9908
9911
9912
9913
9914
9915
9916
9918
9919
9920
9921
9922
9923
9924
9925
9926
9927
9928
9930
9931
9932
9933
9951
9952
9953
9954
9955
9956
9959
9962
9963
9964
9965
9966
9976
9981
9988
9989
9990
9991
10004
10005
10006
10007
10008
10009
10010