#Keep the frames with motion
6013
6014
6015
6028
6029
6030
6039
6041
6042
6052
6053
6067
6068
6069
6085
6099
6100
6101
6102
6103
6104
6105
6106
6107
6134
6200
6212
6213
6216
6217
6218
6291
6292
6293
6294

6296
6323
6330
6398
6399
6400
6411
6419
6420
6421
6422
6423
6424
6425
6426
6438
6439
6440
6446
6447
6448
6449
6450
6451
6494
6506
6516
6517
6519
6532
6533
6548
6549
6550
6551
6552
6588
6589
6590
6591
6592
6593
6632
6646
6652
6662
6663
6664
6708
6709
6710
6711
6712
6726
6733
6734
6735
6736
6738
6740
6752
6753
6808
6809
6811
6835
6836
6845
6846
6847
6860
6861
6862
6863
6864
6865
6866
6867
6868
6869
6872
6873
6880
6881
6882
6883
6884
6885
6886
6887
6888
6889
6939
6940
6941
6998
6999
7001
7009