#Keep the frames with motion
19
41
42
43
44
45
46
47
48
49
50
56
57
58
59
60
67
68
69
70
71
72
76
77
78
81
82
83
98
99
100
101
102
103
105
106
110
111
112
122
123
124
125
126
127
128
131
132
567
588
589
730
731
732
733
734
748
749
750
761
762
763
764
765
766
774
775
776
777
778
779
780
781
785
786
787
788
789
790
791
792
793
794
795
796
797
798
799
803
804
805
806
807
815
817
822
825
826
827
828
829
830
859
861
862
863
864
867
868
869
870
871
876
877
878
879
880
881
882
883
884
885
900
901
902
903
904
921
922
923
935
937
938
939
962
963
972
973
974
975
976
978
979
980
981
982
984
985
986
987
990
991
994
995
996