#Keep the frames with motion
1013
1014
1020
1021
1022
1023
1024
1025
1026
1027
1030
1040
1041
1042
1043
1044
1045
1046
1052
1053
1054
1058
1062
1063
1067
1068
1069
1070
1071
1072
1073
1074
1075
1076
1077
1091
1092
1093
1094
1097
1105
1113
1132
1133
1134
1135
1136
1137
1138
1139
1140
1141
1142
1143
1145
1146
1147
1148
1149
1150
1151
1152
1153
1161
1162
1163
1167
1197
1198
1199
1200
1201
1202
1216
1217
1218
1219
1241
1242
1243
1252
1253
1254
1255
1256
1257
1258
1259
1260
1261
1262
1263
1268
1306
1333
1334
1335
1336
1359
1371
1372
1373
1374
1375
1376
1377
1378
1379
1380
1381
1382
1383
1384
1387
1388
1389
1390
1391
1392
1393
1394
1395
1396
1398
1399
1400
1401
1402
1403
1405
1406
1407
1408
1409
1410
1411
1412
1413
1414
1418
1420
1428
1429
1430
1431
1432
1433
1434
1435
1438
1439
1440
1441
1442
1443
1444
1445
1446
1447
1452
1453
1455
1456
1457
1458
1461
1469
1470
1471
1472
1473
1474
1475
1476
1477
1479
1480
1481
1482
1488
1490
1491
1492
1493
1494
1495
1508
1509
1510
1511
1512
1513
1514
1515
1516
1517
1518
1519
1520
1521
1522
1523
1524
1525
1526
1527
1528
1529
1530
1531
1532
1533
1534
1535
1537
1538
1539
1545
1546
1547
1548
1551
1552
1554
1555
1556
1557
1558
1559
1560
1561
1569
1572
1573
1574
1575
1577
1578
1579
1580
1581
1582
1583
1587
1594
1595
1614
1615
1616
1617
1618
1619
1620
1621
1622
1623
1624
1625
1626
1627
1629
1630
1631
1632
1633
1634
1635
1636
1637
1638
1639
1640
1641
1642
1643
1648
1649
1650
1651
1653
1654
1655
1656
1657
1658
1659
1660
1661
1662
1663
1664
1665
1666
1668
1669
1670
1671
1672
1673
1674
1675
1676
1677
1678
1680
1682
1683
1684
1685
1686
1687
1688
1689
1691
1692
1693
1694
1695
1698
1699
1700
1707
1708
1709
1710
1712
1713
1714
1715
1717
1718
1719
1721
1725
1726
1727
1728
1729
1730
1733
1734
1735
1736
1737
1738
1739
1740
1741
1742
1743
1744
1746
1747
1748
1749
1750
1751
1752
1753
1754
1755
1756
1757
1758
1759
1760
1761
1763
1769
1770
1772
1773
1774
1775
1776
1777
1779
1780
1781
1782
1783
1784
1785
1786
1787
1790
1791
1792
1793
1794
1804
1805
1806
1807
1808
1809
1810
1814
1815
1816
1819
1820
1821
1822
1823
1825
1826
1827
1829
1830
1831
1832
1833
1834
1835
1836
1837
1838
1839
1842
1843
1844
1845
1849
1850
1855
1856
1857
1858
1874
1875
1876
1879
1880
1881
1882
1888
1889
1899
1900
1901
1902
1903
1904
1905
1906
1907
1908
1909
1910
1912
1913
1914
1937
1938
1941
1947
1948
1949
1958
1959
1960
1962
1971