#Keep the frames with motion
4015
4021
4142
4143
4194
4195
4196
4197
4198
4199
4200
4201
4202
4203
4204
4206
4207
4208
4209
4210
4211
4212
4213
4214
4215
4216
4218
4219
4220
4223
4224
4225
4227
4228
4229
4232
4233
4234
4235
4268
4269
4270
4271
4272
4273
4274
4275
4281
4282
4283
4288
4289
4290
4291
4336
4340
4341
4342
4343
4344
4345
4350
4351
4422
4423
4424
4425
4428
4459
4460
4461
4462
4463
4464
4466
4467
4468
4469
4470
4477
4478
4498
4499
4500
4501
4502
4503
4505
4506
4535
4561
4562
4563
4565
4566
4567
4568
4569
4570
4571
4572
4581
4584
4586
4587
4588
4589
4590
4591
4592
4593
4594
4595
4596
4597
4598
4599
4601
4602
4626
4627
4628
4629
4630
4631
4632
4652
4653
4665
4666
4667
4668
4670
4672
4676
4677
4678
4679
4684
4685
4686
4725
4726
4727
4737
4738
4739
4740
4741
4756
4774
4775
4776
4777
4778
4779
4780
4784
4785
4786
4787
4791
4792
4800
4801
4802
4803
4804
4805
4806
4808
4814
4832
4833
4834
4835
4837
4838
4839
4840
4855
4879
4880
4881
4882
4883
4884
4889
4890
4891
4892
4893
4894
4895
4896
4897
4898
4899
4900
4901
4902
4904
4909
4910
4911
4912
4913
4914
4915
4916
4917
4921
4925
4926
4927
4934
4935
4936
4937
4959
4960
4961
4962
4963
4964
4965
4968
4971
4972
4973
4974
4975
4976
4979
4987
4988