#Keep the frames with motion
9012
9013
9014
9015
9016
9018
9019
9020
9021
9022
9023
9024
9025
9026
9027
9028
9029
9030
9031
9032
9033
9034
9035
9036
9037
9038
9040
9041
9042
9043
9044
9045
9046
9047
9048
9049
9050
9051
9052
9053
9054
9055
9056
9057
9058
9059
9060
9061
9062
9065
9066
9067
9068
9069
9070
9071
9075
9076
9077
9078
9079
9080
9081
9082
9083
9084
9085
9094
9095
9096
9098
9099
9100
9101
9102
9103
9104
9105
9106
9107
9108
9109
9110
9111
9112
9113
9114
9115
9116
9117
9118
9119
9120
9121
9122
9123
9124
9125
9126
9129
9130
9131
9132
9133
9134
9135
9136
9137
9138
9141
9143
9144
9145
9146
9147
9148
9149
9150
9151
9152
9153
9154
9158
9159
9167
9168
9169
9170
9171
9172
9173
9174
9175
9176
9178
9179
9180
9181
9182
9183
9184
9185
9186
9187
9190
9196
9197
9198
9199
9200
9201
9202
9203
9204
9205
9206
9216
9217
9218
9219
9220
9221
9222
9223
9224
9225
9226
9227
9228
9229
9230
9231
9232
9233
9234
9235
9236
9237
9238
9239
9240
9241
9242
9243
9244
9245
9246
9247
9248
9249
9250
9251
9252
9253
9254
9255
9256
9257
9258
9259
9260
9261
9262
9264
9265
9266
9267
9268
9269
9270
9271
9272
9273
9274
9275
9276
9277
9278
9279
9280
9281
9282
9283
9284
9285
9286
9287
9288
9289
9290
9291
9292
9293
9294
9295
9296
9297
9298
9299
9300
9301
9302
9303
9304
9305
9306
9307
9309
9310
9311
9314
9315
9316
9317
9318
9319
9321
9323
9324
9325
9326
9327
9328
9329
9330
9332
9333
9334
9335
9336
9337
9338
9339
9340
9341
9342
9343
9344
9345
9346
9347
9348
9349
9350
9351
9352
9353
9354
9355
9356
9357
9358
9371
9372
9373
9385
9386
9387
9389
9390
9392
9396
9397
9398
9399
9407
9418
9419
9420
9429
9430
9431
9432
9434
9435
9436
9437
9438
9439
9440
9441
9446
9447
9449
9450
9451
9452
9453
9454
9455
9456
9457
9458
9459
9460
9461
9462
9463
9464
9465
9466
9467
9468
9469
9470
9471
9474
9475
9476
9477
9478
9479
9480
9481
9482
9483
9484
9485
9486
9487
9488
9489
9491
9492
9493
9494
9495
9496
9497
9498
9499
9500
9501
9504
9506
9527
9528
9529
9530
9531
9532
9533
9569
9570
9571
9584
9591
9592
9593
9594
9595
9596
9597
9598
9599
9600
9601
9602
9605
9606
9607
9608
9609
9610
9611
9612
9619
9620
9621
9622
9623
9624
9625
9638
9639
9640
9644
9645
9646
9649
9650
9651
9658
9663
9664
9665
9666
9667
9668
9669
9670
9673
9674
9676
9677
9678
9679
9680
9681
9682
9683
9684
9688
9689
9690
9691
9692
9693
9694
9695
9700
9701
9702
9703
9704
9705
9706
9707
9708
9709
9710
9711
9712
9713
9714
9715
9716
9717
9718
9719
9720
9721
9722
9723
9724
9725
9726
9727
9728
9729
9730
9731
9732
9733
9734
9735
9736
9737
9738
9744
9745
9746
9747
9748
9753
9754
9755
9756
9757
9761
9762
9763
9772
9773
9774
9775
9776
9859
9861
9862
9863
9864
9865
9866
9867
9868
9869
9870
9871
9872
9873
9874
9875
9877
9878
9907
9908
9910
9911
9912
9913
9914
9915
9916
9917
9918
9919
9920
9921
9924
9925
9926
9927
9928
9929
9930
9931
9932
9933
9937
9938
9939
9940
9941
9942
9943
9944
9945
9946
9947
9948
9949
9950
9951
9952
9953
9954
9955
9956
9957
9958
9959
9960
9961
9962
9963
9964
9965
9966
9968
9969
9970
9971
9972
9973
9974
9975