#Keep the frames with motion
1013
1014
1015
1016
1017
1018
1019
1020
1021
1022
1023
1024
1025
1026
1027
1028
1029
1033
1035
1036
1037
1044
1045
1048
1049
1050
1051
1052
1053
1054
1055
1056
1057
1058
1059
1060
1064
1065
1069
1070
1071
1072
1073
1074
1075
1077
1081
1082
1083
1084
1085
1086
1087
1089
1090
1091
1096
1097
1098
1099
1128
1129
1130
1132
1133
1134
1135
1136
1137
1138
1139
1140
1141
1142
1143
1144
1145
1146
1147
1148
1149
1150
1152
1153
1158
1159
1175
1176
1177
1178
1179
1180
1182
1183
1184
1185
1194
1195
1196
1197
1198
1199
1200
1203
1204
1205
1206
1208
1209
1210
1211
1212
1213
1214
1215
1216
1217
1220
1234
1236
1237
1238
1239
1240
1245
1247
1248
1249
1250
1251
1252
1260
1261
1262
1263
1265
1267
1268
1280
1281
1282
1283
1284
1285
1286
1291
1292
1293
1294
1295
1296
1299
1300
1303
1304
1305
1306
1307
1308
1309
1310
1311
1312
1313
1314
1315
1367
1368
1369
1370
1371
1377
1378
1379
1380
1381
1383
1384
1385
1386
1387
1392
1393
1394
1395
1396
1397
1398
1399
1403
1404
1405
1406
1408
1409
1410
1416
1417
1418
1419
1420
1421
1422
1423
1424
1425
1426
1427
1428
1429
1430
1431
1432
1433
1434
1435
1436
1437
1438
1439
1440
1444
1447
1448
1449
1450
1451
1452
1453
1454
1455
1456
1457
1458
1459
1460
1465
1466
1467
1468
1471
1472
1473
1474
1475
1476
1477
1478
1479
1480
1481
1482
1485
1486
1487
1488
1489
1490
1491
1492
1493
1494
1495
1496
1497
1498
1499
1500
1501
1503
1504
1505
1506
1507
1508
1509
1510
1511
1512
1513
1514
1515
1516
1517
1518
1519
1520
1521
1522
1523
1524
1525
1526
1527
1528
1529
1530
1531
1532
1533
1534
1535
1542
1543
1544
1545
1546
1547
1548
1549
1550
1551
1552
1554
1555
1556
1557
1558
1559
1560
1561
1563
1564
1565
1566
1567
1568
1569
1570
1571
1572
1573
1574
1575
1580
1581
1582
1583
1587
1612
1613
1614
1615
1616
1627
1628
1629
1630
1635
1642
1643
1648
1649
1650
1651
1671
1677
1678
1679
1680
1681
1682
1683
1684
1685
1686
1687
1688
1689
1690
1691
1692
1693
1694
1695
1696
1697
1698
1699
1700
1701
1702
1703
1704
1705
1706
1707
1708
1709
1710
1711
1717
1718
1719
1721
1724
1725
1726
1727
1729
1730
1731
1732
1733
1734
1735
1736
1737
1738
1743
1744
1745
1746
1747
1748
1750
1751
1752
1753
1754
1755
1756
1757
1758
1759
1760
1761
1762
1763
1765
1767
1768
1769
1770
1772
1773
1775
1777
1778
1779
1780
1782
1783
1784
1785
1786
1787
1788
1789
1791
1792
1793
1795
1797
1798
1799
1800
1801
1802
1803
1804
1805
1806
1808
1809
1810
1811
1812
1813
1814
1816
1819
1820
1821
1822
1823
1824
1825
1826
1827
1828
1829
1830
1831
1832
1833
1838
1839
1840
1841
1842
1843
1844
1848
1849
1850
1851
1852
1853
1854
1855
1856
1857
1858
1859
1860
1864
1865
1866
1871
1872
1873
1874
1876
1877
1878
1879
1888
1889
1890
1893
1894
1895
1896
1897
1898
1899
1900
1901
1902
1903
1904
1905
1906
1907
1909
1910
1912
1947
1948