#Keep the frames with motion
10013
10045
10046
10061
10062
10170
10171
10172
10173
10177
10178
10244
10287
10288
10289
10290
10291
10312
10335
10345
10346
10363
10364
10365
10366
10370
10371
10372
10377
10378
10379
10381
10382
10383
10384
10386
10404
10414
10436
10517
10520
10521
10539
10540
10541
10542
10547
10575
10576
10579
10601
10602
10603
10604
10616
10620
10621
10635
10636
10654
10655
10656
10660
10661
10662
10663
10664
10665
10666
10667
10668
10669
10670
10671
10672
10673
10674
10675
10676
10677
10678
10679
10680
10682
10683
10684
10685
10692
10693
10695
10698
10699
10700
10701
10702
10710
10712
10718
10719
10720
10727
10753
10770
10771
10772
10773
10785
10787
10788
10789
10792
10794
10795
10796
10800
10804
10805
10806
10814
10815
10817
10821
10822
10823
10827
10828
10829
10830
10831
10832
10833
10834
10835
10836
10837
10855
10856
10857
10858
10859
10860
10861
10862
10863
10864
10872
10873
10885
10886
10887
10888
10978