#Keep the frames with motion
11013
11014
11015
11016
11017
11019
11020
11021
11026
11027
11028
11029
11030
11032
11037
11043
11044
11045
11064
11065
11066
11067
11073
11074
11075
11076
11077
11080
11081
11082
11083
11084
11085
11086
11087
11088
11089
11090
11091
11092
11093
11094
11095
11097
11098
11100
11102
11103
11104
11105
11106
11107
11110
11111
11112
11113
11114
11115
11116
11117
11118
11119
11120
11121
11122
11123
11126
11127
11128
11129
11130
11131
11132
11133
11134
11135
11136
11137
11138
11140
11141
11142
11143
11144
11145
11146
11147
11148
11149
11150
11151
11152
11153
11154
11155
11156
11157
11158
11159
11160
11161
11162
11163
11165
11166
11167
11168
11169
11171
11181
11182
11183
11184
11185
11189
11196
11197
11198
11199
11200
11201
11202
11203
11204
11205
11206
11207
11208
11209
11210
11211
11212
11213
11214
11215
11216
11217
11218
11219
11220
11221
11222
11223
11224
11225
11226
11227
11228
11231
11232
11236
11237
11238
11239
11240
11241
11242
11243
11244
11245
11246
11247
11248
11249
11250
11251
11254
11256
11257
11258
11259
11260
11261
11262
11263
11264
11265
11266
11267
11268
11269
11270
11271
11273
11274
11276
11277
11278
11279
11281
11284
11285
11286
11287
11288
11289
11290
11291
11292
11293
11294
11295
11296
11297
11298
11300
11301
11302
11303
11304
11305
11306
11307
11308
11309
11310
11312
11313
11314
11315
11316
11317
11318
11319
11320
11321
11322
11323
11324
11325
11326
11331
11332
11335
11337
11338
11339
11340
11341
11342
11343
11344
11346
11347
11348
11349
11350
11351
11352
11354
11355
11356
11357
11358
11359
11360
11361
11362
11363
11364
11365
11366
11367
11368
11369
11370
11371
11372
11373
11375
11378
11379
11380
11381
11388
11389
11390
11391
11392
11394
11395
11396
11397
11398
11399
11400
11401
11404
11405
11406
11407
11408
11409
11410
11411
11413
11414
11415
11416
11417
11418
11419
11420
11421
11422
11423
11425
11426
11427
11428
11429
11430
11431
11432
11438
11439
11440
11441
11450
11454
11455
11456
11458
11459
11460
11461
11462
11463
11464
11465
11466
11467
11468
11469
11470
11471
11472
11473
11476
11478
11479
11480
11481
11482
11483
11487
11488
11489
11490
11491
11497
11498
11499
11500
11503
11504
11505
11506
11508
11510
11511
11512
11513
11514
11515
11516
11517
11518
11519
11520
11521
11522
11523
11524
11525
11526
11527
11528
11529
11530
11531
11532
11536
11538
11539
11540
11541
11542
11543
11544
11545
11546
11552
11553
11554
11555
11556
11557
11561
11562
11563
11564
11565
11566
11567
11568
11569
11570
11572
11573
11574
11575
11576
11577
11579
11580
11581
11582
11583
11584
11585
11586
11587
11588
11589
11590
11591
11592
11595
11596
11597
11598
11599
11600
11601
11602
11603
11604
11605
11606
11607
11608
11609
11610
11611
11612
11613
11614
11616
11617
11618
11619
11620
11622
11623
11624
11625
11626
11627
11628
11629
11630
11633
11634
11635
11636
11637
11638
11639
11646
11652
11653
11654
11655
11656
11657
11658
11659
11660
11661
11662
11663
11664
11665
11666
11668
11669
11670
11671
11672
11673
11674
11675
11676
11677
11678
11679
11680
11682
11683
11684
11685
11687
11688
11689
11690
11691
11692
11693
11694
11695
11696
11697
11698
11699
11703
11704
11705
11706
11707
11708
11709
11710
11711
11712
11713
11714
11716
11717
11718
11719
11720
11721
11722
11723
11724
11725
11726
11727
11728
11729
11730
11731
11732
11733
11734
11735
11736
11740
11741
11742
11743
11744
11745
11747
11748
11750
11751
11752
11753
11754
11755
11756
11757
11758
11759
11760
11761
11762
11763
11764
11765
11766
11767
11768
11769
11770
11784
11795
11814
11815
11816
11817
11818
11819
11820
11821
11826
11827
11828
11830
11831
11836
11837
11841
11853
11857
11858
11864
11865
11866
11867
11868
11869
11870
11871
11872
11873
11874
11875
11876
11877
11878
11879
11880
11881
11882
11883
11884
11885
11886
11887
11888
11889
11890
11891
11893
11894
11896
11898
11899
11900
11901
11902
11903
11904
11905
11906
11907
11908
11909
11910
11911
11912
11913
11914
11915
11916
11917
11918
11919
11920
11921
11922
11923
11924
11925
11926
11927
11928
11929
11930
11931
11932
11933
11934
11935
11936
11937
11938
11939
11940
11941
11942
11943
11944
11945
11946
11947
11948
11949
11950
11951
11952
11953
11954
11955
11956
11957
11958
11959
11960
11961
11962
11963
11964
11965
11966
11967
11970
11971
11972
11975
11977
11978
11979
11980
11981
11982
11983
11988
11989
11990
11991
11992
11998
11999
12000
12001
12002
12003
12004
12005
12006
12007
12008
12009
12011