#Keep the frames with motion
8013
8014
8015
8016
8017
8018
8022
8023
8024
8025
8027
8028
8029
8030
8031
8032
8033
8034
8035
8036
8038
8041
8042
8048
8049
8051
8052
8053
8054
8055
8056
8057
8058
8061
8080
8081
8082
8083
8084
8085
8086
8087
8090
8091
8092
8093
8094
8095
8096
8097
8098
8099
8100
8101
8102
8103
8104
8105
8106
8107
8108
8116
8117
8118
8119
8120
8121
8122
8123
8124
8125
8126
8127
8128
8129
8130
8144
8145
8146
8147
8149
8150
8151
8152
8153
8154
8155
8156
8157
8158
8159
8160
8161
8162
8167
8168
8169
8170
8173
8174
8175
8176
8177
8179
8180
8181
8182
8183
8185
8186
8187
8188
8189
8190
8191
8192
8193
8194
8195
8196
8197
8200
8201
8202
8203
8204
8205
8206
8207
8208
8209
8210
8211
8212
8213
8214
8223
8224
8225
8226
8227
8239
8240
8278
8279
8280
8281
8282
8283
8284
8285
8286
8287
8288
8289
8290
8291
8292
8293
8294
8295
8298
8315
8316
8317
8318
8319
8320
8321
8322
8323
8324
8325
8326
8327
8328
8329
8330
8331
8332
8333
8335
8336
8337
8338
8341
8342
8343
8344
8345
8348
8349
8350
8351
8352
8353
8354
8355
8356
8358
8359
8360
8361
8362
8363
8364
8365
8366
8367
8368
8369
8370
8371
8373
8374
8375
8377
8378
8379
8380
8381
8382
8383
8384
8385
8386
8387
8388
8391
8392
8393
8394
8395
8396
8397
8398
8399
8401
8402
8403
8404
8405
8406
8418
8419
8420
8421
8422
8423
8424
8425
8426
8427
8428
8429
8430
8431
8432
8433
8434
8437
8438
8439
8440
8441
8442
8443
8444
8445
8446
8447
8448
8449
8450
8451
8452
8453
8454
8459
8460
8491
8492
8493
8494
8495
8496
8497
8498
8499
8500
8501
8502
8503
8504
8505
8506
8507
8508
8509
8510
8511
8512
8513
8514
8515
8516
8517
8520
8521
8526
8527
8528
8529
8530
8531
8532
8533
8534
8535
8536
8537
8539
8551
8552
8553
8554
8555
8569
8572
8573
8575
8576
8577
8578
8583
8596
8597
8641
8647
8648
8751
8775
8777
8798
8801
8802
8803
8805
8808
8836
8837
8838
8839
8853
8854
8855
8856
8857
8858
8859
8860
8861
8862
8863
8864
8865
8866
8867
8868
8869
8870
8871
8872
8873
8874
8875
8876
8878
8879
8880
8881
8886
8887
8888
8889
8894
8895
8896
8897
8899
8900
8901
8902
8903
8904
8905
8906
8907
8908
8909
8910
8911
8912
8913
8914
8915
8916
8917
8918
8919
8939
8940
8941
8942
8943
8944
8945
8946
8947
8948
8949
8950
8960
8961
8962
8963
8964
8965
8966
8968
8969
8970
8971
8972
8973
8974
8975
8976
8977
8979
8980
8983
8985
8986
8987
8988
8989