#Keep the frames with motion
4049
4059
4070
4071
4075
4076
4077
4078
4079
4080
4081
4082
4083
4084
4085
4086
4087
4089
4090
4091
4092
4093
4097
4098
4099
4100
4101
4102
4103
4104
4105
4106
4107
4114
4119
4120
4121
4122
4123
4124
4125
4126
4127
4128
4129
4130
4131
4153
4154
4155
4156
4157
4159
4160
4161
4162
4163
4184
4185
4186
4187
4188
4189
4190
4191
4192
4193
4194
4195
4196
4197
4199
4200
4202
4204
4205
4206
4207
4208
4209
4210
4211
4212
4213
4214
4215
4216
4221
4222
4223
4224
4225
4226
4227
4228
4229
4232
4233
4234
4235
4236
4237
4238
4239
4240
4247
4248
4249
4250
4251
4252
4253
4254
4255
4256
4257
4258
4259
4260
4261
4262
4263
4264
4265
4266
4272
4273
4274
4275
4276
4277
4278
4279
4280
4281
4282
4283
4284
4289
4290
4297
4312
4313
4314
4315
4316
4317
4318
4319
4320
4321
4322
4327
4328
4329
4330
4331
4332
4333
4334
4335
4336
4337
4338
4340
4341
4342
4343
4344
4345
4346
4349
4350
4351
4364
4365
4366
4368
4369
4370
4371
4372
4373
4374
4391
4392
4393
4394
4400
4401
4402
4403
4404
4406
4407
4408
4409
4410
4411
4412
4413
4414
4415
4416
4417
4418
4419
4420
4421
4422
4423
4424
4425
4426
4427
4435
4436
4437
4438
4439
4440
4441
4442
4443
4444
4445
4446
4447
4448
4449
4450
4451
4452
4453
4454
4455
4456
4457
4458
4459
4460
4461
4462
4463
4464
4465
4466
4467
4468
4469
4470
4471
4472
4473
4474
4475
4476
4477
4478
4481
4482
4483
4484
4485
4486
4487
4488
4489
4490
4491
4492
4493
4494
4495
4496
4497
4498
4499
4500
4501
4502
4503
4504
4505
4506
4510
4511
4512
4514
4515
4516
4517
4518
4519
4520
4521
4522
4523
4524
4525
4526
4527
4528
4529
4530
4531
4533
4534
4535
4536
4537
4538
4539
4540
4541
4542
4543
4544
4545
4546
4547
4548
4549
4550
4551
4558
4559
4561
4562
4563
4564
4565
4566
4567
4568
4569
4570
4571
4572
4573
4574
4575
4576
4577
4578
4579
4580
4581
4582
4583
4584
4585
4586
4587
4588
4589
4590
4591
4592
4593
4594
4595
4596
4597
4598
4599
4600
4601
4602
4604
4605
4606
4607
4608
4612
4613
4614
4615
4616
4617
4618
4619
4620
4621
4625
4626
4627
4628
4629
4630
4631
4632
4633
4634
4635
4636
4637
4638
4639
4642
4643
4644
4645
4647
4648
4649
4650
4651
4652
4653
4654
4665
4666
4667
4668
4669
4670
4671
4674
4675
4680
4682
4686
4693
4707
4731
4734
4735
4736
4737
4738
4739
4740
4741
4742
4744
4746
4747
4748
4749
4750
4751
4752
4753
4755
4756
4757
4758
4763
4765
4766
4767
4768
4769
4770
4771
4772
4773
4774
4775
4776
4777
4778
4779
4780
4782
4783
4784
4785
4786
4787
4788
4789
4790
4791
4792
4793
4795
4796
4797
4798
4799
4800
4801
4802
4803
4804
4810
4811
4814
4815
4817
4818
4819
4821
4829
4831
4832
4833
4834
4835
4836
4837
4838
4839
4840
4843
4844
4845
4846
4847
4848
4849
4850
4851
4852
4853
4854
4855
4856
4857
4858
4859
4860
4861
4862
4863
4864
4888
4889
4890
4891
4892
4893
4894
4895
4896
4897
4898
4899
4900
4901
4902
4903
4904
4905
4909
4910
4911
4912
4913
4914
4915
4916
4917
4925
4926
4927
4934
4935
4936
4937
4959
4960
4961
4962
4963
4964
4985
4986
4987
4988
4989
4990
4991
4992
4993
4994
4995
4996
4997
4998
4999
5000
5001
5002
5003
5004
5005
5006
5007
5008
5009
5010
5011