#Keep the frames with motion
7021
7022
7023
7026
7027
7028
7029
7030
7031
7032
7033
7034
7035
7036
7037
7038
7039
7040
7042
7043
7044
7045
7046
7047
7048
7049
7050
7051
7052
7053
7054
7055
7056
7057
7058
7059
7060
7061
7062
7063
7064
7065
7074
7078
7079
7080
7081
7082
7083
7084
7085
7086
7087
7088
7089
7090
7091
7092
7093
7098
7099
7100
7101
7102
7103
7104
7106
7107
7108
7109
7111
7112
7113
7120
7121
7142
7143
7149
7150
7151
7152
7153
7154
7155
7156
7158
7159
7160
7161
7162
7163
7164
7165
7166
7167
7168
7169
7170
7171
7172
7173
7174
7175
7176
7177
7178
7179
7180
7181
7182
7183
7184
7185
7186
7187
7188
7189
7190
7191
7192
7193
7195
7196
7197
7198
7199
7200
7201
7202
7203
7204
7205
7206
7207
7208
7209
7210
7211
7212
7213
7214
7215
7216
7217
7218
7219
7220
7221
7222
7223
7224
7225
7226
7227
7228
7229
7230
7231
7232
7233
7234
7235
7236
7237
7238
7239
7240
7241
7242
7243
7244
7245
7246
7247
7248
7249
7250
7251
7252
7253
7254
7255
7256
7257
7258
7259
7261
7262
7263
7267
7268
7269
7270
7271
7272
7273
7274
7275
7276
7278
7279
7280
7281
7282
7283
7284
7285
7286
7287
7288
7289
7290
7291
7292
7293
7294
7295
7296
7297
7298
7299
7300
7301
7302
7303
7304
7305
7306
7310
7311
7312
7313
7314
7315
7316
7317
7318
7319
7320
7321
7322
7323
7324
7330
7332
7333
7334
7336
7337
7343
7344
7345
7346
7347
7348
7349
7350
7354
7355
7356
7357
7358
7359
7360
7361
7362
7363
7364
7365
7366
7367
7368
7369
7370
7371
7372
7373
7374
7375
7376
7377
7378
7379
7380
7381
7382
7383
7384
7385
7386
7387
7388
7389
7390
7391
7392
7393
7394
7395
7396
7397
7398
7399
7400
7401
7402
7403
7404
7405
7406
7407
7411
7412
7413
7414
7415
7416
7417
7418
7419
7420
7421
7422
7423
7424
7425
7426
7427
7428
7431
7432
7433
7434
7438
7439
7440
7443
7444
7445
7446
7447
7448
7449
7450
7451
7452
7453
7454
7455
7456
7457
7458
7459
7460
7461
7462
7463
7464
7465
7475
7476
7477
7478
7479
7480
7481
7482
7483
7484
7485
7486
7487
7502
7503
7504
7505
7506
7510
7512
7521
7522
7523
7524
7525
7526
7527
7528
7529
7530
7531
7532
7533
7534
7535
7536
7537
7538
7539
7540
7541
7542
7543
7544
7545
7546
7547
7548
7549
7551
7552
7574
7576
7577
7578
7579
7580
7581
7603
7604
7605
7606
7607
7608
7609
7610
7611
7612
7613
7614
7615
7616
7617
7618
7619
7620
7621
7622
7623
7624
7625
7626
7627
7628
7629
7630
7631
7632
7633
7634
7635
7636
7637
7643
7644
7645
7646
7647
7648
7649
7652
7653
7672
7673
7676
7677
7678
7679
7685
7687
7688
7689
7690
7691
7692
7693
7694
7695
7696
7697
7712
7713
7714
7720
7731
7732
7735
7737
7738
7739
7742
7743
7745
7746
7750
7751
7752
7753
7754
7842
7843
7844
7848
7849
7852
7880
7881
7882
7888
7889
7890
7899
7900
7901
7902
7903
7904
7905
7906
7923
7924
7925
7942
7943
7944
7945
7946
7947
7975