#Keep the frames with motion
6013
6014
6015
6016
6017
6018
6020
6021
6022
6024
6025
6026
6027
6028
6029
6030
6031
6032
6039
6042
6054
6055
6056
6103
6104
6105
6106
6107
6116
6117
6118
6119
6120
6121
6139
6140
6141
6167
6168
6169
6170
6171
6172
6173
6174
6175
6176
6192
6199
6200
6201
6202
6204
6205
6209
6210
6211
6212
6213
6214
6215
6217
6227
6231
6232
6233
6234
6235
6241
6242
6243
6244
6245
6246
6247
6249
6330
6342
6343
6365
6366
6371
6372
6373
6379
6380
6381
6382
6383
6384
6385
6386
6387
6388
6389
6402
6405
6406
6407
6408
6409
6410
6421
6422
6423
6438
6439
6440
6441
6442
6443
6449
6450
6465
6466
6467
6494
6500
6506
6516
6517
6522
6523
6524
6525
6526
6527
6528
6529
6530
6531
6532
6533
6534
6535
6536
6537
6538
6539
6540
6541
6542
6564
6567
6570
6571
6572
6573
6574
6575
6576
6577
6578
6579
6580
6581
6582
6583
6584
6585
6586
6587
6588
6589
6590
6591
6592
6593
6595
6596
6597
6598
6599
6604
6632
6633
6634
6635
6636
6637
6664
6668
6669
6670
6671
6672
6677
6678
6679
6680
6681
6682
6683
6684
6685
6689
6690
6691
6692
6693
6694
6695
6696
6697
6698
6699
6700
6701
6702
6703
6704
6705
6706
6707
6721
6722
6725
6726
6728
6729
6730
6731
6732
6733
6734
6740
6741
6742
6743
6744
6745
6746
6747
6748
6749
6750
6751
6752
6753
6754
6755
6756
6757
6758
6759
6760
6761
6762
6773
6774
6775
6779
6787
6788
6789
6790
6791
6797
6798
6799
6802
6803
6820
6821
6822
6827
6831
6832
6833
6834
6835
6836
6837
6838
6839
6840
6841
6842
6843
6844
6845
6846
6847
6848
6849
6850
6853
6854
6855
6856
6857
6858
6859
6860
6861
6862
6863
6864
6865
6866
6867
6868
6869
6870
6871
6872
6873
6874
6875
6876
6877
6878
6879
6880
6881
6883
6884
6888
6889
6890
6891
6892
6893
6894
6910
6911
6912
6913
6914
6928
6929
6930
6931
6932
6934
6939
6940
6941
6942
6943
6944
6945
6998
6999
7009