#Keep the frames with motion
5013
5014
5015
5017
5029
5038
5046
5052
5054
5055
5056
5057
5058
5059
5065
5066
5067
5068
5069
5070
5071
5072
5073
5092
5095
5096
5097
5098
5099
5100
5101
5102
5103
5104
5105
5106
5108
5109
5110
5111
5112
5114
5115
5116
5117
5118
5119
5120
5121
5122
5123
5124
5125
5126
5127
5128
5129
5130
5131
5132
5133
5134
5135
5136
5137
5138
5139
5140
5141
5142
5143
5144
5145
5146
5147
5148
5149
5156
5157
5158
5159
5160
5163
5164
5165
5166
5167
5168
5170
5173
5174
5175
5176
5177
5184
5189
5190
5191
5192
5193
5194
5199
5205
5206
5207
5208
5209
5210
5211
5212
5213
5218
5219
5220
5221
5223
5224
5225
5226
5228
5229
5234
5235
5236
5237
5238
5239
5240
5241
5242
5243
5244
5245
5246
5247
5248
5249
5250
5251
5252
5253
5254
5255
5256
5258
5261
5262
5263
5264
5265
5266
5267
5268
5274
5275
5285
5300
5301
5319
5320
5321
5342
5343
5344
5345
5365
5366
5367
5368
5369
5370
5371
5377
5378
5395
5396
5397
5398
5399
5400
5401
5402
5429
5430
5441
5442
5443
5444
5445
5446
5447
5448
5449
5458
5459
5460
5461
5462
5463
5464
5465
5466
5467
5468
5469
5470
5471
5472
5473
5474
5475
5476
5477
5478
5479
5480
5481
5482
5483
5484
5485
5486
5487
5489
5490
5491
5492
5493
5494
5495
5496
5497
5498
5499
5500
5501
5502
5503
5504
5505
5506
5507
5508
5509
5510
5511
5512
5513
5514
5515
5516
5517
5518
5519
5520
5521
5522
5523
5525
5526
5527
5528
5529
5530
5531
5532
5533
5539
5540
5541
5542
5543
5545
5546
5547
5548
5549
5550
5555
5556
5557
5558
5559
5560
5561
5562
5564
5565
5566
5567
5568
5569
5570
5571
5572
5573
5574
5575
5576
5577
5578
5579
5580
5581
5582
5583
5586
5587
5588
5589
5590
5591
5592
5593
5595
5596
5597
5598
5599
5600
5601
5602
5604
5605
5606
5607
5608
5609
5610
5611
5612
5613
5614
5615
5616
5617
5618
5619
5620
5621
5622
5623
5624
5625
5626
5627
5628
5629
5630
5634
5635
5636
5637
5638
5639
5641
5642
5643
5644
5645
5646
5647
5648
5649
5650
5651
5652
5653
5654
5655
5656
5658
5659
5660
5661
5662
5663
5664
5665
5666
5667
5668
5669
5670
5671
5672
5673
5674
5675
5676
5677
5678
5679
5680
5681
5682
5683
5684
5685
5686
5687
5688
5689
5690
5691
5692
5693
5694
5695
5696
5697
5698
5699
5700
5701
5702
5703
5704
5705
5706
5707
5711
5712
5713
5714
5715
5716
5717
5718
5719
5720
5721
5722
5723
5724
5725
5726
5727
5728
5732
5733
5734
5735
5736
5737
5738
5739
5740
5741
5742
5743
5744
5745
5746
5747
5748
5749
5750
5751
5752
5753
5754
5755
5756
5757
5761
5762
5763
5764
5765
5766
5767
5770
5771
5772
5773
5774
5778
5779
5780
5781
5782
5783
5784
5785
5787
5788
5789
5790
5791
5792
5793
5794
5795
5796
5803
5804
5805
5817
5820
5821
5822
5823
5824
5825
5826
5827
5828
5829
5830
5831
5832
5833
5834
5835
5836
5837
5838
5839
5840
5841
5842
5843
5874
5885
5887
5888
5889
5898
5899
5900
5901
5902
5903
5904
5905
5906
5907
5914
5915
5916
5917
5918
5919
5922
5923
5924
5925
5926
5930
5931
5938
5939
5940
5941
5942
5943
5944
5945
5960
5961
5962
5963
5964
5965
5966
5967
5968
6003
6004
6010