#Keep the frames with motion
3014
3020
3021
3022
3023
3024
3039
3040
3041
3042
3043
3044
3045
3046
3047
3048
3049
3050
3051
3052
3053
3071
3072
3073
3074
3090
3119
3120
3121
3122
3123
3124
3133
3134
3135
3136
3137
3152
3153
3154
3155
3156
3157
3164
3165
3166
3167
3168
3169
3170
3171
3172
3173
3174
3175
3176
3177
3185
3186
3187
3188
3189
3190
3191
3192
3193
3194
3195
3196
3197
3198
3199
3200
3201
3202
3203
3204
3205
3228
3229
3230
3231
3232
3233
3234
3235
3247
3248
3249
3250
3251
3252
3253
3254
3255
3256
3257
3258
3259
3260
3261
3262
3263
3264
3265
3266
3267
3332
3353
3354
3355
3356
3357
3358
3359
3360
3361
3362
3363
3364
3365
3366
3367
3368
3369
3370
3371
3372
3375
3376
3382
3383
3384
3385
3386
3400
3401
3402
3404
3405
3406
3407
3408
3424
3425
3426
3431
3432
3444
3445
3446
3474
3475
3476
3477
3478
3479
3480
3481
3483
3484
3485
3486
3488
3489
3490
3491
3492
3493
3495
3496
3497
3508
3509
3510
3511
3512
3513
3514
3516
3517
3518
3521
3522
3523
3527
3528
3542
3543
3545
3546
3547
3548
3549
3550
3551
3553
3554
3555
3556
3557
3558
3559
3560
3561
3562
3563
3564
3565
3566
3567
3568
3569
3570
3571
3572
3573
3574
3575
3579
3580
3581
3582
3583
3585
3591
3592
3593
3594
3595
3596
3603
3604
3605
3606
3610
3611
3612
3617
3618
3619
3620
3650
3669
3670
3681
3683
3684
3685
3687
3688
3689
3690
3691
3692
3693
3694
3695
3696
3697
3700
3701
3702
3703
3704
3705
3706
3707
3708
3709
3710
3711
3712
3713
3714
3715
3716
3717
3718
3719
3720
3721
3757
3758
3759
3760
3761
3762
3763
3764
3765
3766
3767
3768
3769
3770
3771
3772
3773
3774
3775
3776
3777
3778
3780
3781
3782
3783
3784
3785
3786
3787
3788
3790
3791
3792
3794
3795
3796
3797
3798
3799
3800
3801
3802
3803
3804
3806
3807
3808
3809
3810
3811
3812
3813
3814
3815
3816
3817
3818
3819
3820
3821
3822
3823
3824
3825
3826
3827
3828
3829
3830
3831
3838
3839
3840
3841
3842
3843
3844
3845
3846
3847
3848
3849
3850
3851
3852
3853
3854
3855
3856
3857
3858
3859
3860
3861
3862
3863
3864
3865
3866
3870
3871
3872
3873
3874
3876
3877
3878
3879
3880
3881
3882
3883
3884
3885
3886
3887
3898
3899
3904
3905
3906
3907
3908
3919
3920
3921
3922
3923
3924
3925
3926
3927
3928
3929
3945
3946
3959
3961
3964
3967
3974
3976
3977
3978
3979
3980
3981
3982
3983
3984
3985
3986
3987
3988
3989
3990
3991
3992
3993
3994
3995
3997
3998
3999
4000
4001