#Keep the frames with motion
10013
10165
10166
10167
10168
10169
10170
10171
10172
10173
10174
10185
10186
10187
10188
10201
10202
10203
10204
10205
10206
10207
10208
10209
10210
10211
10212
10213
10214
10215
10216
10217
10218
10219
10222
10223
10224
10232
10233
10237
10239
10240
10244
10246
10247
10248
10251
10252
10253
10254
10255
10256
10257
10263
10264
10265
10266
10269
10275
10276
10277
10279
10280
10284
10285
10286
10288
10289
10290
10291
10306
10338
10349
10350
10351
10352
10353
10354
10355
10356
10357
10375
10376
10377
10378
10379
10389
10396
10397
10398
10399
10404
10405
10419
10420
10447
10448
10449
10450
10451
10452
10476
10478
10487
10488
10489
10492
10497
10498
10529
10530
10531
10533
10534
10535
10536
10677
10678
10679
10680
10681
10682
10683
10684
10685
10691
10692
10693
10695
10698
10699
10700
10701
10702
10710
10711
10712
10726
10753
10770
10771
10772
10773
10777
10778
10785
10798
10799
10801
10802
10803
10804
10805
10806
10807
10808
10817
10821
10822
10823
10824
10825
10826
10827
10828
10829
10833
10834
10835
10836
10837
10838
10839
10842
10843
10862
10863
10864
10865
10885
10886
10887
10888
10890
10912
10913
10914
10915
10916
10935
10946
10961
10963
10965
10966
10967
10968
10975
10977
10978
10979
10980
10981
11006
11007
11008
11009
11010