#Keep the frames with motion
3015
3016
3017
3018
3019
3020
3021
3023
3024
3025
3026
3027
3028
3029
3030
3031
3033
3034
3035
3036
3060
3061
3062
3063
3064
3065
3066
3083
3084
3085
3086
3087
3088
3089
3090
3091
3092
3093
3094
3095
3096
3097
3098
3099
3100
3101
3102
3104
3105
3106
3107
3108
3109
3112
3113
3114
3115
3116
3117
3118
3119
3120
3121
3122
3123
3124
3125
3127
3128
3129
3130
3131
3132
3146
3147
3148
3149
3150
3151
3152
3153
3154
3155
3156
3157
3158
3159
3160
3161
3162
3163
3164
3165
3166
3167
3168
3169
3170
3171
3173
3174
3175
3176
3177
3178
3179
3180
3181
3182
3183
3184
3185
3186
3187
3188
3189
3190
3191
3192
3193
3194
3195
3196
3197
3198
3200
3201
3202
3203
3204
3205
3206
3207
3208
3209
3210
3211
3212
3213
3214
3215
3216
3217
3218
3219
3220
3221
3224
3233
3234
3235
3236
3237
3238
3239
3240
3241
3242
3243
3244
3245
3246
3247
3248
3249
3250
3251
3252
3253
3254
3255
3256
3257
3258
3259
3260
3261
3262
3263
3264
3265
3266
3267
3278
3279
3280
3297
3333
3337
3341
3342
3343
3344
3345
3346
3354
3355
3356
3357
3358
3361
3362
3363
3365
3366
3367
3368
3369
3370
3371
3372
3373
3374
3375
3376
3378
3379
3380
3381
3382
3383
3384
3430
3431
3432
3442
3443
3444
3445
3446
3447
3448
3451
3452
3453
3454
3455
3456
3457
3459
3460
3461
3462
3463
3464
3465
3466
3467
3468
3469
3470
3471
3472
3473
3475
3476
3477
3478
3479
3480
3481
3483
3484
3485
3486
3487
3488
3493
3494
3495
3496
3497
3500
3508
3509
3510
3518
3519
3520
3521
3522
3523
3525
3526
3527
3528
3529
3530
3532
3533
3534
3535
3536
3537
3538
3539
3540
3541
3542
3544
3545
3552
3553
3554
3555
3571
3572
3573
3594
3595
3596
3597
3598
3601
3602
3603
3604
3610
3611
3612
3620
3622
3623
3624
3625
3626
3627
3628
3629
3630
3631
3632
3634
3635
3636
3638
3639
3640
3641
3647
3648
3649
3650
3651
3657
3658
3659
3660
3661
3662
3663
3665
3666
3667
3668
3669
3670
3673
3674
3675
3676
3678
3679
3680
3681
3684
3685
3689
3690
3691
3692
3702
3724
3725
3728
3729
3730
3731
3732
3735
3736
3737
3738
3739
3740
3741
3742
3743
3744
3745
3753
3754
3755
3756
3757
3758
3759
3760
3761
3762
3768
3769
3770
3771
3772
3773
3777
3778
3779
3780
3781
3782
3783
3784
3785
3786
3787
3788
3789
3790
3791
3792
3793
3794
3799
3800
3801
3802
3803
3804
3805
3806
3815
3816
3817
3818
3819
3820
3821
3822
3823
3824
3825
3826
3827
3828
3829
3830
3831
3838
3839
3840
3841
3842
3843
3844
3845
3846
3847
3848
3849
3850
3851
3852
3853
3854
3855
3856
3857
3858
3864
3865
3866
3867
3868
3869
3870
3871
3872
3873
3874
3875
3876
3877
3878
3879
3883
3884
3885
3886
3887
3889
3890
3891
3894
3895
3896
3897
3898
3899
3904
3905
3913
3915
3916
3917
3918
3919
3920
3921
3922
3923
3924
3925
3926
3927
3928
3929
3930
3951
3957
3958
3959
3960
3961
3962
3963
3964
3965
3966
3967
3968
3969
3971
3972
3973
3974
3977
3978
3979
3980
3981
3982
3983
3984
3985
3986
3987
3988
3989
3990
3991
3992
3993
3994
3995
3996
3997
3998
3999
4001
4002
4003
4004
4005
4006
4007
4008
4009
4010
4011