#Keep the frames with motion
2019
2020
2021
2022
2023
2024
2025
2026
2027
2029
2030
2031
2032
2033
2034
2035
2036
2037
2038
2039
2040
2041
2042
2043
2044
2045
2046
2047
2048
2072
2077
2078
2080
2081
2082
2083
2097
2100
2101
2102
2103
2104
2105
2106
2107
2110
2111
2112
2113
2114
2115
2116
2117
2118
2119
2120
2121
2122
2123
2124
2125
2126
2127
2128
2129
2130
2131
2132
2133
2142
2143
2144
2145
2146
2147
2148
2149
2150
2151
2152
2153
2154
2155
2156
2157
2162
2163
2164
2165
2166
2167
2169
2171
2173
2174
2175
2176
2177
2178
2191
2192
2193
2194
2195
2196
2197
2198
2199
2200
2201
2202
2203
2204
2205
2206
2207
2209
2210
2211
2212
2213
2214
2215
2216
2217
2218
2223
2224
2225
2226
2227
2228
2240
2241
2242
2245
2250
2251
2255
2259
2260
2261
2262
2263
2264
2265
2266
2281
2282
2283
2294
2298
2307
2308
2309
2310
2311
2312
2313
2314
2315
2316
2317
2318
2319
2325
2333
2334
2335
2337
2345
2346
2347
2348
2349
2351
2352
2353
2354
2355
2358
2359
2361
2366
2376
2377
2378
2379
2389
2390
2396
2397
2408
2409
2413
2414
2421
2424
2425
2426
2427
2428
2429
2430
2431
2432
2433
2434
2435
2436
2437
2438
2439
2440
2441
2442
2443
2447
2448
2449
2450
2451
2456
2463
2464
2465
2466
2467
2468
2469
2470
2471
2472
2474
2475
2482
2483
2484
2485
2486
2487
2488
2498
2499
2500
2501
2502
2503
2508
2509
2510
2524
2525
2604
2605
2606
2621
2622
2623
2625
2627
2628
2631
2632
2633
2645
2646
2648
2661
2662
2663
2664
2665
2666
2667
2668
2669
2670
2671
2675
2676
2677
2678
2679
2680
2681
2682
2683
2684
2686
2687
2688
2689
2690
2691
2692
2693
2694
2695
2696
2697
2698
2699
2702
2703
2704
2705
2706
2707
2708
2709
2710
2711
2713
2714
2715
2716
2717
2718
2719
2720
2721
2726
2732
2733
2738
2742
2763
2764
2765
2766
2769
2770
2771
2772
2773
2774
2775
2776
2777
2779
2780
2781
2782
2783
2784
2785
2786
2787
2788
2789
2790
2791
2792
2793
2794
2795
2812
2813
2814
2815
2816
2819
2820
2821
2822
2823
2827
2828
2829
2830
2831
2832
2833
2834
2835
2836
2837
2838
2839
2840
2854
2855
2856
2857
2858
2859
2860
2861
2862
2867
2868
2869
2870
2871
2875
2877
2878
2880
2900
2902
2904
2907
2910
2911
2912
2921
2939
2940
2941
2942
2943
2944
2945
2946
2947
2948
2949
2950
2951
2952
2953
2954
2955
2956
2957
2958
2959
2973
2974
2975
2976
2977
2983
2984
2985
2986
2987
2988
2989
2990
2991
2992
2993
2994
2995
2996
2997
2998
2999
3000
3001
3004
3005
3006
3007
3008