#Keep the frames with motion
8016
8023
8024
8025
8026
8027
8028
8029
8030
8031
8032
8038
8051
8052
8053
8054
8055
8056
8057
8058
8059
8060
8061
8062
8063
8064
8065
8066
8067
8068
8069
8070
8071
8072
8073
8074
8075
8076
8077
8078
8079
8080
8081
8082
8083
8084
8085
8086
8087
8088
8089
8090
8091
8092
8093
8094
8095
8096
8097
8098
8099
8100
8101
8102
8103
8104
8105
8106
8107
8108
8109
8110
8111
8112
8113
8114
8115
8116
8117
8118
8119
8123
8124
8125
8129
8130
8134
8135
8136
8137
8138
8139
8140
8141
8142
8143
8144
8145
8146
8147
8148
8149
8150
8151
8152
8153
8154
8155
8156
8157
8159
8162
8163
8164
8171
8172
8173
8174
8175
8176
8177
8178
8179
8180
8182
8183
8184
8185
8188
8189
8190
8191
8192
8193
8194
8195
8196
8197
8198
8199
8200
8201
8202
8203
8204
8205
8206
8207
8208
8209
8210
8211
8212
8213
8214
8215
8216
8217
8218
8219
8220
8221
8222
8223
8224
8225
8226
8227
8228
8229
8231
8232
8233
8234
8235
8236
8237
8238
8239
8242
8243
8244
8245
8246
8247
8248
8249
8250
8251
8252
8253
8254
8255
8256
8257
8258
8259
8260
8261
8262
8263
8264
8265
8266
8267
8268
8269
8270
8271
8272
8273
8274
8275
8276
8277
8278
8281
8282
8283
8284
8285
8286
8287
8288
8289
8290
8291
8292
8293
8294
8295
8296
8297
8298
8299
8300
8301
8302
8303
8304
8305
8306
8307
8308
8327
8339
8340
8342
8343
8344
8345
8346
8347
8348
8349
8350
8351
8352
8353
8354
8355
8356
8357
8358
8359
8360
8361
8362
8363
8364
8365
8366
8367
8368
8386
8387
8388
8389
8390
8391
8392
8393
8394
8397
8398
8399
8401
8402
8403
8404
8405
8415
8416
8417
8418
8419
8420
8421
8422
8423
8424
8425
8426
8431
8432
8433
8434
8435
8436
8437
8438
8439
8440
8441
8449
8450
8451
8452
8453
8454
8455
8460
8461
8485
8486
8487
8488
8489
8490
8491
8492
8493
8494
8495
8496
8497
8498
8499
8500
8501
8502
8503
8504
8505
8506
8507
8508
8509
8510
8511
8512
8513
8514
8515
8516
8517
8518
8519
8520
8521
8522
8523
8524
8526
8527
8528
8529
8530
8531
8532
8533
8534
8535
8536
8537
8538
8539
8540
8541
8542
8543
8544
8545
8546
8547
8548
8549
8550
8551
8552
8553
8554
8569
8589
8590
8591
8592
8593
8594
8595
8596
8597
8598
8599
8601
8603
8605
8615
8616
8639
8640
8641
8645
8646
8647
8648
8722
8734
8740
8741
8742
8745
8785
8786
8787
8788
8789
8801
8802
8810
8811
8812
8813
8814
8815
8817
8818
8819
8820
8821
8822
8823
8824
8825
8826
8827
8828
8830
8831
8832
8833
8834
8835
8836
8837
8838
8839
8840
8841
8842
8843
8844
8845
8846
8847
8848
8849
8850
8851
8852
8853
8854
8855
8856
8858
8859
8860
8863
8867
8868
8869
8870
8875
8890
8896
8897
8898
8899
8900
8901
8902
8903
8904
8905
8914
8915
8916
8917
8918
8919
8920
8921
8922
8933
8934
8935
8936
8937
8938
8939
8940
8941
8942
8943
8944
8945
8946
8947
8948
8949
8950
8951
8952
8953
8954
8955
8956
8957
8958
8959
8960
8961
8962
8963
8964
8965
8966
8967
8968
8969
8970
8971
8972
8973
8974
8975
8976
8977
8978
8979
8981
8982
8983
8984
8985
8986
8987
8988
8989
8990
8991
8992
8993
8994
8995
8996
8997
8998
8999
9000
9001
9002
9003
9004
9005
9006
9007
9008
9009
9010
9011