#Keep the frames with motion
1025
1026
1027
1028
1029
1030
1031
1032
1033
1034
1035
1036
1037
1038
1039
1040
1041
1042
1043
1044
1045
1046
1047
1048
1049
1050
1051
1052
1053
1054
1055
1056
1057
1058
1059
1060
1061
1062
1063
1074
1075
1076
1077
1078
1079
1080
1081
1082
1083
1084
1085
1086
1100
1101
1102
1103
1104
1105
1106
1107
1108
1109
1110
1111
1112
1113
1120
1121
1122
1123
1124
1125
1126
1127
1128
1129
1130
1131
1132
1147
1148
1149
1157
1158
1159
1160
1161
1162
1167
1168
1179
1180
1181
1182
1183
1185
1186
1187
1203
1204
1205
1206
1365
1366
1367
1368
1369
1370
1376
1377
1378
1379
1380
1387
1388
1389
1390
1391
1392
1393
1394
1395
1396
1397
1398
1399
1400
1406
1407
1408
1409
1410
1411
1412
1413
1414
1415
1416
1417
1418
1419
1436
1437
1438
1439
1440
1441
1442
1443
1463
1464
1465
1466
1467
1468
1469
1471
1472
1473
1474
1475
1501
1502
1503
1504
1505
1506
1507
1508
1524
1545
1546
1547
1548
1549
1550
1552
1554
1555
1556
1557
1571
1572
1573
1574
1575
1576
1578
1579
1580
1581
1582
1583
1601
1602
1603
1604
1605
1606
1607
1608
1609
1610
1611
1612
1613
1614
1615
1616
1625
1626
1627
1628
1629
1630
1631
1632
1633
1634
1635
1636
1637
1638
1639
1640
1641
1642
1643
1644
1645
1646
1647
1648
1656
1657
1658
1659
1660
1661
1662
1663
1664
1665
1666
1667
1668
1669
1670
1671
1672
1673
1674
1675
1676
1677
1678
1679
1680
1681
1682
1683
1684
1685
1696
1697
1698
1699
1708
1709
1710
1711
1728
1729
1730
1736
1737
1738
1773
1774
1775
1776
1777
1778
1838
1839
1840
1841
1842
1843
1844
1845
1846
1847
1848
1849
1850
1851
1856
1857
1858
1859
1860
1861
1867
1868
1869
1870
1871
1872
1873
1874
1875
1876
1877
1878
1879
1880
1881
1882
1883
1884
1885
1886
1887
1888
1889
1890
1891
1892
1893
1894
1895
1896
1897
1907
1908
1909
1910
1911
1912
1913
1914
1919
1920
1921
1922
1923
1924
1925
1933
1934
1935
1936
1937
1938
1939
1940
1941
1942
1943
1944
1945
1946
1947
