#Keep the frames with motion
7020
7021
7022
7023
7025
7026
7027
7028
7029
7030
7031
7032
7033
7034
7035
7036
7038
7039
7040
7041
7042
7043
7044
7045
7046
7047
7048
7049
7050
7051
7055
7057
7059
7060
7061
7062
7063
7064
7065
7066
7067
7085
7086
7087
7088
7089
7090
7091
7096
7097
7120
7137
7149
7160
7161
7162
7163
7164
7165
7166
7167
7168
7169
7170
7171
7213
7214
7215
7216
7217
7222
7223
7224
7225
7226
7227
7232
7233
7234
7235
7236
7237
7238
7239
7240
7241
7242
7243
7244
7245
7246
7247
7248
7249
7250
7251
7252
7253
7262
7263
7265
7266
7267
7268
7269
7270
7271
7272
7273
7274
7275
7276
7277
7278
7279
7280
7281
7282
7283
7284
7285
7286
7287
7288
7289
7290
7291
7292
7293
7294
7295
7296
7297
7298
7299
7300
7301
7303
7304
7305
7306
7307
7308
7309
7310
7311
7322
7323
7324
7325
7326
7327
7328
7329
7330
7331
7332
7333
7334
7335
7336
7337
7343
7344
7345
7346
7347
7348
7349
7350
7352
7353
7354
7356
7357
7358
7369
7379
7380
7387
7388
7394
7395
7412
7413
7414
7415
7416
7417
7418
7419
7420
7421
7422
7423
7424
7425
7426
7427
7428
7432
7433
7434
7435
7436
7437
7438
7439
7440
7441
7442
7443
7444
7445
7446
7447
7448
7449
7450
7456
7457
7458
7459
7460
7461
7462
7463
7464
7465
7473
7474
7475
7476
7477
7478
7479
7482
7486
7487
7493
7495
7496
7497
7498
7499
7500
7501
7502
7503
7504
7505
7506
7507
7508
7510
7512
7517
7519
7523
7524
7525
7526
7527
7528
7529
7530
7531
7533
7534
7535
7536
7537
7551
7552
7589
7590
7591
7592
7593
7594
7605
7606
7607
7608
7609
7610
7617
7618
7619
7620
7622
7673
7679
7687
7688
7689
7691
7692
7693
7694
7695
7696
7697
7705
7706
7707
7710
7712
7713
7714
7731
7732
7737
7738
7739
7743
7744
7750
7751
7752
7753
7754
7755
7772
7774
7775
7776
7777
7778
7779
7780
7781
7782
7783
7784
7785
7786
7788
7789
7790
7791
7792
7793
7794
7795
7796
7797
7798
7799
7800
7801
7802
7804
7819
7821
7822
7824
7829
7830
7831
7832
7833
7834
7841
7842
7843
7844
7845
7848
7849
7852
7853
7854
7855
7905
7906
7907
7923
7924
7925
7929
7930
7931
7932
7933
7934
7935
7936
7938
7939
7940
7941
7942
7943
7944
7968
7970
7971
7972
7973
7974
7975
7986
7987
7988