#Keep the frames with motion
2023
2027
2029
2030
2031
2032
2033
2034
2035
2036
2037
2038
2039
2040
2041
2042
2043
2044
2045
2046
2047
2048
2049
2050
2051
2052
2053
2054
2055
2056
2057
2058
2061
2062
2063
2064
2065
2066
2067
2072
2077
2078
2080
2081
2082
2083
2085
2086
2087
2088
2096
2097
2100
2101
2102
2103
2104
2105
2106
2107
2108
2109
2110
2111
2112
2113
2114
2115
2120
2121
2122
2124
2125
2126
2128
2129
2130
2131
2132
2133
2137
2140
2141
2142
2144
2145
2146
2148
2149
2150
2151
2152
2153
2156
2157
2164
2165
2166
2167
2168
2171
2173
2174
2175
2176
2177
2178
2179
2180
2181
2182
2183
2184
2185
2191
2192
2193
2194
2196
2197
2198
2199
2201
2202
2203
2204
2205
2206
2207
2208
2209
2210
2211
2212
2213
2214
2216
2218
2229
2230
2233
2245
2251
2252
2262
2263
2267
2268
2269
2270
2271
2273
2274
2275
2276
2277
2278
2279
2280
2281
2282
2283
2284
2285
2286
2287
2288
2289
2294
2298
2299
2308
2309
2310
2311
2312
2313
2314
2315
2316
2317
2318
2319
2325
2343
2345
2347
2348
2349
2351
2354
2356
2357
2359
2376
2377
2378
2379
2382
2388
2389
2390
2391
2392
2393
2394
2395
2396
2397
2399
2400
2401
2406
2407
2413
2414
2421
2426
2427
2428
2429
2430
2431
2432
2436
2437
2438
2441
2442
2443
2444
2445
2446
2447
2448
2449
2450
2456
2463
2464
2465
2466
2467
2468
2469
2470
2471
2472
2474
2475
2477
2478
2479
2480
2481
2482
2483
2484
2485
2486
2487
2488
2497
2498
2499
2500
2501
2502
2503
2508
2509
2526
2536
2555
2556
2557
2572
2573
2574
2575
2576
2577
2579
2580
2581
2582
2583
2584
2585
2586
2590
2591
2593
2594
2595
2596
2617
2618
2619
2620
2621
2622
2623
2624
2625
2626
2632
2633
2644
2645
2646
2663
2664
2665
2670
2671
2681
2682
2683
2684
2685
2686
2687
2688
2690
2691
2692
2693
2694
2695
2696
2697
2705
2708
2713
2714
2715
2716
2717
2718
2719
2720
2727
2728
2729
2730
2731
2732
2733
2734
2735
2736
2737
2738
2739
2761
2762
2763
2764
2765
2766
2767
2768
2769
2771
2772
2773
2774
2775
2776
2777
2778
2779
2780
2781
2782
2783
2784
2831
2832
2833
2840
2841
2842
2843
2844
2845
2846
2848
2849
2850
2851
2854
2855
2856
2862
2863
2870
2871
2872
2874
2876
2877
2878
2879
2880
2881
2882
2883
2884
2885
2886
2887
2892
2893
2894
2895
2900
2902
2903
2904
2905
2912
2913
2914
2957
2977
2978
2979
2980
2981
2982
2983
2984
2991
2992
2993
2994
3002
3004
3005
3006
3008
3009