#Keep the frames with motion
11018
11022
11023
11024
11025
11026
11027
11028
11032
11033
11035
11038
11039
11040
11041
11042
11043
11044
11045
11046
11047
11048
11049
11051
11052
11053
11054
11055
11056
11059
11060
11061
11062
11064
11065
11066
11067
11068
11069
11072
11073
11077
11083
11084
11085
11086
11087
11088
11089
11090
11091
11092
11093
11094
11095
11096
11097
11100
11101
11102
11103
11104
11105
11106
11107
11108
11109
11111
11112
11113
11114
11115
11116
11117
11118
11119
11120
11121
11122
11123
11124
11126
11127
11128
11129
11131
11132
11133
11134
11135
11137
11138
11139
11140
11141
11142
11143
11144
11145
11146
11147
11148
11149
11150
11151
11152
11153
11154
11155
11156
11157
11162
11163
11164
11165
11166
11167
11168
11169
11170
11171
11172
11173
11174
11179
11186
11193
11194
11195
11196
11197
11198
11199
11200
11201
11202
11205
11206
11207
11208
11209
11210
11211
11212
11220
11221
11222
11223
11224
11229
11230
11234
11235
11237
11238
11240
11241
11242
11243
11244
11246
11247
11248
11249
11250
11251
11252
11253
11256
11257
11258
11259
11260
11262
11263
11264
11265
11266
11267
11268
11269
11271
11272
11274
11276
11277
11278
11279
11280
11281
11282
11283
11284
11285
11286
11289
11290
11291
11292
11293
11294
11295
11296
11297
11300
11301
11302
11303
11304
11305
11306
11307
11308
11309
11313
11314
11315
11316
11317
11318
11319
11320
11321
11322
11323
11324
11325
11326
11327
11328
11329
11330
11334
11339
11343
11344
11345
11346
11347
11348
11350
11351
11352
11355
11359
11361
11362
11363
11364
11365
11366
11367
11368
11370
11372
11373
11374
11375
11376
11377
11379
11381
11384
11401
11402
11403
11404
11405
11415
11416
11418
11420
11423
11424
11425
11426
11427
11428
11429
11430
11431
11432
11434
11435
11436
11437
11438
11439
11440
11443
11446
11447
11448
11450
11451
11452
11454
11455
11456
11457
11458
11459
11461
11462
11463
11464
11466
11467
11468
11469
11470
11471
11472
11473
11474
11475
11476
11477
11478
11479
11480
11481
11482
11484
11485
11491
11493
11494
11495
11496
11497
11515
11534
11535
11537
11540
11558
11563
11564
11565
11566
11567
11568
11570
11571
11572
11573
11574
11575
11576
11577
11578
11579
11580
11581
11582
11583
11584
11585
11586
11596
11597
11598
11602
11603
11604
11605
11606
11607
11608
11609
11610
11611
11612
11614
11615
11616
11617
11618
11619
11620
11621
11622
11631
11632
11633
11634
11635
11636
11637
11638
11639
11640
11641
11642
11643
11644
11645
11646
11647
11648
11649
11650
11651
11652
11653
11654
11655
11656
11657
11658
11659
11660
11661
11662
11665
11666
11667
11668
11669
11670
11671
11672
11673
11674
11675
11676
11677
11678
11679
11680
11685
11686
11687
11688
11689
11690
11691
11692
11693
11694
11695
11698
11699
11700
11704
11705
11706
11707
11708
11709
11710
11712
11713
11716
11717
11719
11720
11721
11722
11723
11724
11725
11726
11727
11729
11730
11731
11732
11734
11736
11737
11738
11739
11740
11741
11742
11743
11744
11745
11746
11747
11748
11749
11750
11751
11753
11754
11755
11756
11757
11758
11759
11760
11761
11762
11763
11770
11771
11772
11774
11790
11798
11811
11812
11813
11814
11824
11825
11826
11863
11868
11869
11870
11871
11872
11873
11874
11875
11876
11877
11878
11879
11880
11881
11882
11884
11885
11886
11887
11888
11889
11890
11892
11899
11900
11901
11902
11903
11922
11923
11924
11925
11927
11929
11930
11931
11932
11934
11935
11940
11941
11942
11943
11944
11945
11946
11947
11948
11949
11950
11951
11952
11953
11954
11955
11956
11957
11961
11962
11965
11966
11967
11971
11983
11987
11988
11989
11996
11998
11999
12000
12003
12004
12005